lev1:4997.0
lev0:1200.0
top1:0.80635791512
lev1:4995.0
lev0:1202.0
top1:0.806035178312
lev1:4995.0
lev0:1202.0
top1:0.806035178312
